
--------------------------------------------------------------
Summary:
N_chains         =      500 
N_conv           =      500 
thin_factor      =       50 
N_rv_data        =       13 
N_tr_data        =      166 
N_data           =      179 
N_pars           =        9 
chi2_rv          = 15.0891
chi2_tr          = 232.4717
chi2             = 247.5608
dof              =      170 
chi2/dof         = 1.4562 
ln likelihood_rv = 37.3705
ln likelihood_tr = 1262.8650
ln likelihood    = 1300.2355
BIC              = -2553.7845
AIC              = -2582.4710
--------------------------------------------------------------
             INPUT STELLAR PARAMETERS
--------------------------------------------------------------
M_*     = 1.0000000 - 0.1000000 + 0.1000000 solar masses
R_*     = 1.0000000 - 0.1000000 + 0.1000000 solar radii
T_*     = 5600.0000000 - 100.0000000 + 100.0000000 K
--------------------------------------------------------------
                   Parameters C10_5255 b
-------------------------Fitted-------------------------------
T0   = 7588.2850480 - 0.0000999 + 0.0000990  days 
P    = 6.5692094 - 0.0000169 + 0.0000171  days 
e    = 0.0000000 - 0.0000000 + 0.0000000       
w*   = 0.0000000 - 0.0000000 + 0.0000000  deg  
b    = 0.1137809 - 0.0788443 + 0.1071163       
a/R* = 15.1956465 - 0.2341569 + 0.0915546       
Rp/R*= 0.1136556 - 0.0004229 + 0.0007197       
K    = 98.9875886 - 5.2595298 + 5.3059479  m/s  
-------------------------Derived------------------------------
i    = 89.5713339 - 0.4170128 + 0.2976566  deg  
a    = 0.0704138 - 0.0070876 + 0.0071061  AU   
rho* = 1.5380965 - 0.0700135 + 0.0279689  g/cm^3 (transit light curve)
rho* = 1.4042479 - 0.3668393 + 0.5504769  g/cm^3 (input stellar parameters)
Mp   = 0.9110462 - 0.0769280 + 0.0791430 M_jupiter  
Rp   = 1.1078137 - 0.1108645 + 0.1113513 R_jupiter  
rho_p= 0.8296308 - 0.2150036 + 0.3209579  g/cm^3
g_p  = 1943.1923879 - 125.2186028 + 118.3319246  cm/s^2
Tperi= 7586.6427457 - 0.0001037 + 0.0001027  days 
Teq  = 1017.6642175 - 19.0468499 + 19.4158157  K (albedo=0)   
T_tot= 3.6612038 - 0.0100511 + 0.0108448  hours
T_full= 2.9007813 - 0.0247343 + 0.0135417  hours
--------------------------------------------------------------
--------------------  Other parameters -----------------------
q1    = 0.2896944 - 0.0479219 + 0.0496071    
q2    = 0.4728881 - 0.0573688 + 0.0727407    
u1    = 0.5093844 - 0.0271281 + 0.0293918    
u2    = 0.0291734 - 0.0740864 + 0.0690699    
FIES = 0.0755898 - 0.0034575 + 0.0034424 km/s
--------------------------------------------------------------

